m1 = [ 1 2 3,
       2 3 1,
       1 1 1];
       
m2 = [2 2 3,
      1 2 3,
      2 2 2];

op = m1 + m2;
op2 = m1 -m2;
op3 = m1 * m2;
op4 = m1.* m2;
op5 = m1';
op6 = -m1;
op7 = m1*2;
op8 = m1+2;
op9 = m1 -2;
op10 = m1/2;

A = rand(5);

m1(3,:) = 0;

A(:,1:3) = 1;

